StartNode,EndNode
250,126
250,16
250,184
250,60
250,44
251,114
251,17
251,118
251,214
251,57
252,244
252,33
252,155
252,28
252,133
